[gd_scene load_steps=21 format=3 uid="uid://lxnrcvm08whn"]

[ext_resource type="PackedScene" uid="uid://dq25c0xpdv6yp" path="res://assets/models/creatures/humanoid base/humanoid_base.glb" id="1_ufxch"]
[ext_resource type="Script" path="res://src/creature_animation_tree.gd" id="2_8djno"]
[ext_resource type="Material" path="res://textures/carpet_white_0.tres" id="3_i3cmm"]
[ext_resource type="PackedScene" uid="uid://bnl3lldtblpkr" path="res://scenes/creature/collision hulls/ray.tscn" id="3_w1osr"]
[ext_resource type="PackedScene" path="res://scenes/creature/collision hulls/collision_hull_medium.tscn" id="4_oppdi"]
[ext_resource type="Script" path="res://src/health_pool.gd" id="5_5qyje"]
[ext_resource type="AnimationLibrary" path="res://assets/models/creatures/humanoid base/animation_library_test.tres" id="5_bjj80"]
[ext_resource type="Script" path="res://src/hurtbox.gd" id="6_xsdof"]
[ext_resource type="Script" path="res://src/attack.gd" id="7_kj51n"]
[ext_resource type="Script" path="res://src/damage_instance.gd" id="8_ge3yd"]
[ext_resource type="Script" path="res://src/creature_ai.gd" id="9_r6von"]
[ext_resource type="AnimationNodeStateMachine" uid="uid://csiew5vbvnir1" path="res://assets/models/creatures/humanoid base/humanoid_1H.tres" id="13_sdl6s"]

[sub_resource type="StandardMaterial3D" id="StandardMaterial3D_34wcx"]

[sub_resource type="ArrayMesh" id="ArrayMesh_s8tb4"]
resource_name = "proto_thrall_Cylinder"
_surfaces = [{
"aabb": AABB(0.980979, -0.262266, -0.02, 0.0380423, 1.5, 0.0361804),
"attribute_data": PackedByteArray(0, 0, 0, 51, 0, 0, 0, 63, 0, 0, 64, 63, 92, 143, 2, 63, 0, 0, 128, 63, 0, 0, 0, 63, 0, 0, 0, 51, 0, 0, 0, 0, 0, 0, 128, 62, 92, 143, 2, 63, 0, 0, 128, 63, 0, 0, 0, 0, 205, 204, 76, 63, 0, 0, 0, 63, 205, 204, 76, 63, 0, 0, 0, 63, 212, 110, 122, 63, 149, 3, 45, 63, 167, 221, 244, 62, 149, 3, 45, 63, 205, 204, 76, 63, 0, 0, 0, 0, 205, 204, 76, 63, 0, 0, 0, 0, 154, 153, 25, 63, 0, 0, 0, 63, 154, 153, 25, 63, 0, 0, 0, 63, 16, 29, 100, 63, 189, 180, 113, 63, 32, 58, 200, 62, 189, 180, 113, 63, 154, 153, 25, 63, 0, 0, 0, 0, 154, 153, 25, 63, 0, 0, 0, 0, 206, 204, 204, 62, 0, 0, 0, 63, 206, 204, 204, 62, 0, 0, 0, 63, 240, 226, 27, 63, 189, 180, 113, 63, 128, 23, 223, 61, 189, 180, 113, 63, 206, 204, 204, 62, 0, 0, 0, 0, 206, 204, 204, 62, 0, 0, 0, 0, 207, 204, 76, 62, 0, 0, 0, 63, 207, 204, 76, 62, 0, 0, 0, 63, 44, 145, 5, 63, 149, 3, 45, 63, 144, 37, 178, 60, 149, 3, 45, 63, 207, 204, 76, 62, 0, 0, 0, 0, 207, 204, 76, 62, 0, 0, 0, 0),
"bone_aabbs": [AABB(0, 0, 0, -1, -1, -1), AABB(0, 0, 0, -1, -1, -1), AABB(0, 0, 0, -1, -1, -1), AABB(0, 0, 0, -1, -1, -1), AABB(0, 0, 0, -1, -1, -1), AABB(0, 0, 0, -1, -1, -1), AABB(0, 0, 0, -1, -1, -1), AABB(0, 0, 0, -1, -1, -1), AABB(0, 0, 0, -1, -1, -1), AABB(0, 0, 0, -1, -1, -1), AABB(0, 0, 0, -1, -1, -1), AABB(0, 0, 0, -1, -1, -1), AABB(0, 0, 0, -1, -1, -1), AABB(0, 0, 0, -1, -1, -1), AABB(0, 0, 0, -1, -1, -1), AABB(0, 0, 0, -1, -1, -1), AABB(0, 0, 0, -1, -1, -1), AABB(0, 0, 0, -1, -1, -1), AABB(0, 0, 0, -1, -1, -1), AABB(0, 0, 0, -1, -1, -1), AABB(0, 0, 0, -1, -1, -1), AABB(0, 0, 0, -1, -1, -1), AABB(0, 0, 0, -1, -1, -1), AABB(0, 0, 0, -1, -1, -1), AABB(0, 0, 0, -1, -1, -1), AABB(0, 0, 0, -1, -1, -1), AABB(0, 0, 0, -1, -1, -1), AABB(0, 0, 0, -1, -1, -1), AABB(0, 0, 0, -1, -1, -1), AABB(0, 0, 0, -1, -1, -1), AABB(0, 0, 0, -1, -1, -1), AABB(0, 0, 0, -1, -1, -1), AABB(0, 0, 0, -1, -1, -1), AABB(0, 0, 0, -1, -1, -1), AABB(0, 0, 0, -1, -1, -1), AABB(0, 0, 0, -1, -1, -1), AABB(0.980979, -0.262266, -0.02, 0.0380423, 1.5, 0.0361804)],
"format": 34359745559,
"index_count": 48,
"index_data": PackedByteArray(2, 0, 10, 0, 5, 0, 2, 0, 6, 0, 10, 0, 7, 0, 17, 0, 11, 0, 7, 0, 13, 0, 17, 0, 12, 0, 23, 0, 16, 0, 12, 0, 19, 0, 23, 0, 15, 0, 4, 0, 9, 0, 4, 0, 21, 0, 27, 0, 4, 0, 15, 0, 21, 0, 18, 0, 28, 0, 22, 0, 18, 0, 24, 0, 28, 0, 25, 0, 3, 0, 29, 0, 25, 0, 0, 0, 3, 0, 26, 0, 8, 0, 1, 0, 8, 0, 20, 0, 14, 0, 8, 0, 26, 0, 20, 0),
"material": SubResource("StandardMaterial3D_34wcx"),
"primitive": 3,
"skin_data": PackedByteArray(36, 0, 0, 0, 0, 0, 0, 0, 255, 255, 0, 0, 0, 0, 0, 0, 36, 0, 0, 0, 0, 0, 0, 0, 255, 255, 0, 0, 0, 0, 0, 0, 36, 0, 0, 0, 0, 0, 0, 0, 255, 255, 0, 0, 0, 0, 0, 0, 36, 0, 0, 0, 0, 0, 0, 0, 255, 255, 0, 0, 0, 0, 0, 0, 36, 0, 0, 0, 0, 0, 0, 0, 255, 255, 0, 0, 0, 0, 0, 0, 36, 0, 0, 0, 0, 0, 0, 0, 255, 255, 0, 0, 0, 0, 0, 0, 36, 0, 0, 0, 0, 0, 0, 0, 255, 255, 0, 0, 0, 0, 0, 0, 36, 0, 0, 0, 0, 0, 0, 0, 255, 255, 0, 0, 0, 0, 0, 0, 36, 0, 0, 0, 0, 0, 0, 0, 255, 255, 0, 0, 0, 0, 0, 0, 36, 0, 0, 0, 0, 0, 0, 0, 255, 255, 0, 0, 0, 0, 0, 0, 36, 0, 0, 0, 0, 0, 0, 0, 255, 255, 0, 0, 0, 0, 0, 0, 36, 0, 0, 0, 0, 0, 0, 0, 255, 255, 0, 0, 0, 0, 0, 0, 36, 0, 0, 0, 0, 0, 0, 0, 255, 255, 0, 0, 0, 0, 0, 0, 36, 0, 0, 0, 0, 0, 0, 0, 255, 255, 0, 0, 0, 0, 0, 0, 36, 0, 0, 0, 0, 0, 0, 0, 255, 255, 0, 0, 0, 0, 0, 0, 36, 0, 0, 0, 0, 0, 0, 0, 255, 255, 0, 0, 0, 0, 0, 0, 36, 0, 0, 0, 0, 0, 0, 0, 255, 255, 0, 0, 0, 0, 0, 0, 36, 0, 0, 0, 0, 0, 0, 0, 255, 255, 0, 0, 0, 0, 0, 0, 36, 0, 0, 0, 0, 0, 0, 0, 255, 255, 0, 0, 0, 0, 0, 0, 36, 0, 0, 0, 0, 0, 0, 0, 255, 255, 0, 0, 0, 0, 0, 0, 36, 0, 0, 0, 0, 0, 0, 0, 255, 255, 0, 0, 0, 0, 0, 0, 36, 0, 0, 0, 0, 0, 0, 0, 255, 255, 0, 0, 0, 0, 0, 0, 36, 0, 0, 0, 0, 0, 0, 0, 255, 255, 0, 0, 0, 0, 0, 0, 36, 0, 0, 0, 0, 0, 0, 0, 255, 255, 0, 0, 0, 0, 0, 0, 36, 0, 0, 0, 0, 0, 0, 0, 255, 255, 0, 0, 0, 0, 0, 0, 36, 0, 0, 0, 0, 0, 0, 0, 255, 255, 0, 0, 0, 0, 0, 0, 36, 0, 0, 0, 0, 0, 0, 0, 255, 255, 0, 0, 0, 0, 0, 0, 36, 0, 0, 0, 0, 0, 0, 0, 255, 255, 0, 0, 0, 0, 0, 0, 36, 0, 0, 0, 0, 0, 0, 0, 255, 255, 0, 0, 0, 0, 0, 0, 36, 0, 0, 0, 0, 0, 0, 0, 255, 255, 0, 0, 0, 0, 0, 0),
"uv_scale": Vector4(0, 0, 0, 0),
"vertex_count": 30,
"vertex_data": PackedByteArray(0, 0, 128, 63, 191, 71, 134, 190, 32, 215, 163, 188, 0, 0, 128, 63, 191, 71, 134, 190, 32, 215, 163, 188, 0, 0, 128, 63, 191, 71, 134, 190, 32, 215, 163, 188, 0, 0, 128, 63, 16, 110, 158, 63, 32, 215, 163, 188, 0, 0, 128, 63, 16, 110, 158, 63, 32, 215, 163, 188, 0, 0, 128, 63, 16, 110, 158, 63, 32, 215, 163, 188, 73, 111, 130, 63, 191, 71, 134, 190, 142, 132, 202, 187, 73, 111, 130, 63, 191, 71, 134, 190, 142, 132, 202, 187, 73, 111, 130, 63, 191, 71, 134, 190, 142, 132, 202, 187, 73, 111, 130, 63, 16, 110, 158, 63, 142, 132, 202, 187, 73, 111, 130, 63, 16, 110, 158, 63, 142, 132, 202, 187, 73, 111, 130, 63, 16, 110, 158, 63, 142, 132, 202, 187, 54, 129, 129, 63, 191, 71, 134, 190, 180, 140, 132, 60, 54, 129, 129, 63, 191, 71, 134, 190, 180, 140, 132, 60, 54, 129, 129, 63, 191, 71, 134, 190, 180, 140, 132, 60, 54, 129, 129, 63, 16, 110, 158, 63, 180, 140, 132, 60, 54, 129, 129, 63, 16, 110, 158, 63, 180, 140, 132, 60, 54, 129, 129, 63, 16, 110, 158, 63, 180, 140, 132, 60, 148, 253, 124, 63, 191, 71, 134, 190, 180, 140, 132, 60, 148, 253, 124, 63, 191, 71, 134, 190, 180, 140, 132, 60, 148, 253, 124, 63, 191, 71, 134, 190, 180, 140, 132, 60, 148, 253, 124, 63, 16, 110, 158, 63, 180, 140, 132, 60, 148, 253, 124, 63, 16, 110, 158, 63, 180, 140, 132, 60, 148, 253, 124, 63, 16, 110, 158, 63, 180, 140, 132, 60, 110, 33, 123, 63, 191, 71, 134, 190, 142, 132, 202, 187, 110, 33, 123, 63, 191, 71, 134, 190, 142, 132, 202, 187, 110, 33, 123, 63, 191, 71, 134, 190, 142, 132, 202, 187, 110, 33, 123, 63, 16, 110, 158, 63, 142, 132, 202, 187, 110, 33, 123, 63, 16, 110, 158, 63, 142, 132, 202, 187, 110, 33, 123, 63, 16, 110, 158, 63, 142, 132, 202, 187, 0, 0, 34, 202, 220, 53, 255, 191, 255, 127, 0, 0, 255, 255, 255, 63, 255, 255, 34, 202, 0, 0, 237, 218, 0, 0, 34, 202, 220, 53, 255, 191, 255, 127, 254, 255, 254, 255, 255, 191, 255, 255, 34, 202, 0, 0, 237, 218, 255, 255, 34, 202, 0, 0, 237, 218, 155, 224, 255, 127, 255, 255, 77, 240, 255, 127, 0, 0, 255, 255, 255, 63, 255, 127, 254, 255, 254, 255, 255, 191, 255, 255, 34, 202, 0, 0, 237, 218, 155, 224, 255, 127, 255, 255, 77, 240, 255, 127, 255, 127, 255, 255, 255, 191, 155, 224, 255, 127, 255, 255, 77, 240, 255, 127, 0, 0, 255, 255, 255, 63, 255, 127, 254, 255, 254, 255, 255, 191, 255, 127, 255, 127, 255, 255, 255, 191, 155, 224, 255, 127, 255, 255, 77, 240, 99, 31, 255, 127, 99, 159, 255, 191, 255, 127, 255, 127, 255, 255, 255, 191, 255, 127, 0, 0, 255, 255, 255, 63, 255, 127, 254, 255, 254, 255, 255, 191, 99, 31, 255, 127, 99, 159, 255, 191, 255, 127, 255, 127, 255, 255, 255, 191, 99, 31, 255, 127, 99, 159, 255, 191, 0, 0, 34, 202, 220, 53, 255, 191, 255, 127, 0, 0, 255, 255, 255, 63, 255, 127, 254, 255, 254, 255, 255, 191, 99, 31, 255, 127, 99, 159, 255, 191, 0, 0, 34, 202, 220, 53, 255, 191)
}]
blend_shape_mode = 0

[sub_resource type="Skin" id="Skin_gut7l"]
resource_name = "Skin"
bind_count = 42
bind/0/name = &"Bone"
bind/0/bone = -1
bind/0/pose = Transform3D(1, 0, -2.38419e-07, -2.84217e-14, 1, -1.19209e-07, 2.38419e-07, 0, 1, 0, 0, 0)
bind/1/name = &"spine"
bind/1/bone = -1
bind/1/pose = Transform3D(1, 6.98782e-15, -1.2874e-14, -2.03193e-14, 0.968339, 0.249639, 4.92649e-14, -0.24964, 0.968339, -8.65583e-15, -0.964145, 0.305563)
bind/2/name = &"spine.001"
bind/2/bone = -1
bind/2/pose = Transform3D(1, -5.22589e-22, 2.49578e-21, -2.11381e-14, 0.992413, 0.122954, 3.26049e-14, -0.122954, 0.992413, -3.47386e-16, -1.1464, 0.159364)
bind/3/name = &"spine.002"
bind/3/bone = -1
bind/3/pose = Transform3D(1, -4.45043e-29, -6.04736e-28, -2.59207e-14, 0.999494, -0.0318127, 2.89486e-14, 0.0318126, 0.999494, -3.47386e-16, -1.29226, -0.0407307)
bind/4/name = &"spine.003"
bind/4/bone = -1
bind/4/pose = Transform3D(0.999912, 0.0132341, -0.000962457, -0.0132562, 0.993117, -0.116371, -0.000584234, 0.116374, 0.993205, -0.0194029, -1.4563, -0.164709)
bind/5/name = &"spine.004"
bind/5/bone = -1
bind/5/pose = Transform3D(0.999955, 0.00839014, 0.00433361, -0.00930312, 0.954021, 0.299594, -0.00162072, -0.299622, 0.954057, -0.0126534, -1.58078, 0.535734)
bind/6/name = &"spine.005"
bind/6/bone = -1
bind/6/pose = Transform3D(0.999977, 0.00363897, 0.00570981, -0.005586, 0.919952, 0.391992, -0.0038263, -0.392015, 0.919951, -0.00440807, -1.58453, 0.694965)
bind/7/name = &"spine.006"
bind/7/bone = -1
bind/7/pose = Transform3D(0.999977, -0.00677731, -6.3282e-05, 0.00666228, 0.981203, 0.192862, -0.001245, -0.192858, 0.981226, 0.0141003, -1.74297, 0.341163)
bind/8/name = &"shoulder.L"
bind/8/bone = -1
bind/8/pose = Transform3D(0.507095, -7.3858e-05, 0.86189, 0.86189, -0.000570399, -0.507095, 0.000529062, 1, -0.000225798, -0.0681146, 0.0198283, -1.60509)
bind/9/name = &"upper_arm.L"
bind/9/bone = -1
bind/9/pose = Transform3D(-0.480819, -0.87682, -1.92821e-05, 0.85647, -0.469655, -0.214204, 0.187809, -0.10301, 0.976789, 1.48331, 0.571227, 0.152631)
bind/10/name = &"forearm.L"
bind/10/bone = -1
bind/10/pose = Transform3D(-0.550248, -0.835002, -3.68357e-05, 0.825611, -0.544067, 0.149523, -0.124872, 0.0822443, 0.988758, 1.45343, 0.43639, 0.0235684)
bind/11/name = &"hand.L"
bind/11/bone = -1
bind/11/pose = Transform3D(-0.632787, -0.774323, 0.00216555, 0.773534, -0.632012, 0.046962, -0.0349951, 0.0313919, 0.998895, 1.42871, 0.317713, 0.0312204)
bind/12/name = &"weapon.L"
bind/12/bone = -1
bind/12/pose = Transform3D(0.409589, 0.912261, -0.00420798, -0.0125298, 0.0102376, 0.99987, 0.912184, -0.409482, 0.0156236, -1.4436, 0.0419289, -0.13346)
bind/13/name = &"shoulder.R"
bind/13/bone = -1
bind/13/pose = Transform3D(0.507095, 7.36341e-05, -0.86189, -0.86189, -0.000570429, -0.507095, -0.000529015, 1, -0.0002259, 0.0681149, 0.0198283, -1.60509)
bind/14/name = &"upper_arm.R"
bind/14/bone = -1
bind/14/pose = Transform3D(-0.480819, 0.87682, 1.93864e-05, -0.85647, -0.469655, -0.214204, -0.187809, -0.10301, 0.976789, -1.48331, 0.571227, 0.152631)
bind/15/name = &"forearm.R"
bind/15/bone = -1
bind/15/pose = Transform3D(-0.550248, 0.835002, 3.68357e-05, -0.825611, -0.544067, 0.149523, 0.124872, 0.0822444, 0.988758, -1.45343, 0.43639, 0.0235683)
bind/16/name = &"hand.R"
bind/16/bone = -1
bind/16/pose = Transform3D(-0.632787, 0.774323, -0.00216554, -0.773534, -0.632012, 0.0469619, 0.034995, 0.0313919, 0.998894, -1.42871, 0.317713, 0.0312203)
bind/17/name = &"weapon.R"
bind/17/bone = -1
bind/17/pose = Transform3D(0.409589, -0.912261, 0.00420799, 0.0125297, 0.0102376, 0.999869, -0.912184, -0.409482, 0.0156236, 1.4436, 0.0419288, -0.13346)
bind/18/name = &"breast.L"
bind/18/bone = -1
bind/18/pose = Transform3D(-1, -8.48231e-08, -1.66474e-08, -1.65892e-08, -1.86265e-07, 1, -8.49759e-08, 1, -7.45059e-09, 0.1184, 0.0485003, -1.4596)
bind/19/name = &"breast.R"
bind/19/bone = -1
bind/19/pose = Transform3D(-1, -8.48231e-08, -1.66474e-08, -1.65892e-08, -1.86265e-07, 1, -8.49759e-08, 1, -7.45059e-09, -0.1184, 0.0485003, -1.4596)
bind/20/name = &"pelvis.L"
bind/20/bone = -1
bind/20/pose = Transform3D(-0.421772, -0.276838, 0.863406, 0.536322, 0.691624, 0.483751, -0.731073, 0.667096, -0.143234, 0.327238, -0.671768, -0.681607)
bind/21/name = &"pelvis.R"
bind/21/bone = -1
bind/21/pose = Transform3D(-0.421772, 0.276838, -0.863406, -0.536322, 0.691624, 0.483751, 0.731073, 0.667096, -0.143234, -0.327238, -0.671768, -0.681607)
bind/22/name = &"thigh.L"
bind/22/bone = -1
bind/22/pose = Transform3D(1, 7.9282e-15, -6.07818e-16, 3.51397e-14, -0.997074, 0.0764409, -2.77616e-14, -0.0764401, -0.997077, -0.098, 1.06981, 0.06958)
bind/23/name = &"shin.L"
bind/23/bone = -1
bind/23/pose = Transform3D(1, 4.75307e-22, 2.29452e-21, 2.19296e-14, -0.995124, -0.0986317, -3.2078e-14, 0.0986321, -0.995127, -0.098, 0.537401, -0.0245245)
bind/24/name = &"foot.L"
bind/24/bone = -1
bind/24/pose = Transform3D(1, -7.9204e-28, -2.56877e-28, 3.84781e-14, -0.529998, 0.848002, 5.4166e-15, -0.847999, -0.529999, -0.098, 0.0588934, 0.0636635)
bind/25/name = &"toe.L"
bind/25/bone = -1
bind/25/pose = Transform3D(-1, 8.74228e-08, -2.60541e-15, 2.58152e-14, -4.76839e-07, 1, 8.74228e-08, 1, -2.98024e-08, 0.098, -0.0934003, -0.0167)
bind/26/name = &"heel.02.L"
bind/26/bone = -1
bind/26/pose = Transform3D(2.97587e-14, -1.40071e-06, 1, 1, -7.9204e-28, -2.56877e-28, -2.49866e-14, 1, 8.6427e-07, 0.0459001, -0.06, 9.08927e-08)
bind/27/name = &"thigh.R"
bind/27/bone = -1
bind/27/pose = Transform3D(1, 7.9282e-15, -6.07818e-16, 3.51397e-14, -0.997074, 0.0764409, -2.77616e-14, -0.0764401, -0.997077, 0.098, 1.06981, 0.06958)
bind/28/name = &"shin.R"
bind/28/bone = -1
bind/28/pose = Transform3D(1, 4.75307e-22, 2.29452e-21, 2.19296e-14, -0.995124, -0.0986317, -3.2078e-14, 0.0986321, -0.995127, 0.098, 0.537401, -0.0245245)
bind/29/name = &"foot.R"
bind/29/bone = -1
bind/29/pose = Transform3D(1, -7.9204e-28, -2.56877e-28, 3.84781e-14, -0.529998, 0.848002, 5.4166e-15, -0.847999, -0.529999, 0.098, 0.0588934, 0.0636635)
bind/30/name = &"toe.R"
bind/30/bone = -1
bind/30/pose = Transform3D(-1, 8.74228e-08, -2.60541e-15, 2.58152e-14, -4.76839e-07, 1, 8.74228e-08, 1, -2.98024e-08, -0.098, -0.0934003, -0.0166999)
bind/31/name = &"heel.02.R"
bind/31/bone = -1
bind/31/pose = Transform3D(-2.97587e-14, 1.40071e-06, -1, -1, 7.9204e-28, 2.56877e-28, -2.49866e-14, 1, 8.6427e-07, -0.0459001, -0.06, 9.08927e-08)
bind/32/name = &"arm_pole.L"
bind/32/bone = -1
bind/32/pose = Transform3D(-0.480833, -0.876812, -9.14586e-08, -2.34758e-07, 3.1568e-07, -1, 0.876812, -0.480833, -5.01548e-08, 1.48331, -0.38825, 0.308873)
bind/33/name = &"arm_pole.R"
bind/33/bone = -1
bind/33/pose = Transform3D(-0.480833, 0.876812, 9.14586e-08, 2.34758e-07, 3.1568e-07, -1, -0.876812, -0.480833, -5.01547e-08, -1.48331, -0.38825, 0.308873)
bind/34/name = &"leg_pole.L"
bind/34/bone = -1
bind/34/pose = Transform3D(1, -1.0411e-06, -2.92118e-13, 1.13449e-13, -3.27826e-07, 1, -1.0411e-06, -1, -2.68221e-07, -0.0979996, -0.526849, 0.371085)
bind/35/name = &"leg_pole.R"
bind/35/bone = -1
bind/35/pose = Transform3D(1, 1.0411e-06, 2.6637e-13, 2.37738e-16, -3.27826e-07, 1, 1.0411e-06, -1, -2.68221e-07, 0.0979996, -0.526849, 0.371085)
bind/36/name = &"weapon"
bind/36/bone = -1
bind/36/pose = Transform3D(1, 0, 1.42109e-14, -2.84217e-14, 1, -1.19209e-07, 1.42109e-14, 0, 1, -1, 0, -1.42109e-14)
bind/37/name = &"weapon.001"
bind/37/bone = -1
bind/37/pose = Transform3D(-1, 8.74228e-08, 4.54084e-14, 3.51213e-14, -5.61987e-07, 1, 8.74228e-08, 1, 5.19412e-07, 1, 0.0700004, -0.8)
bind/38/name = &"hand_IK.L"
bind/38/bone = -1
bind/38/pose = Transform3D(-0.466697, -0.884355, 0.0105117, 0.883998, -0.466077, 0.0363296, -0.027229, 0.0262472, 0.999285, 1.46331, 0.0276228, 0.0328381)
bind/39/name = &"hand_IK.R"
bind/39/bone = -1
bind/39/pose = Transform3D(-0.466697, 0.884355, -0.0105117, -0.883998, -0.466077, 0.0363296, 0.027229, 0.0262472, 0.999285, -1.46331, 0.0276228, 0.0328381)
bind/40/name = &"foot_IK.L"
bind/40/bone = -1
bind/40/pose = Transform3D(1, 6.06535e-07, 3.79084e-07, 2.84217e-13, -0.529999, 0.847998, 7.15256e-07, -0.847999, -0.529999, -0.098, 0.0588935, 0.0636634)
bind/41/name = &"foot_IK.R"
bind/41/bone = -1
bind/41/pose = Transform3D(1, -6.06535e-07, -3.79084e-07, -2.84217e-13, -0.529999, 0.847998, -7.15256e-07, -0.847999, -0.529999, 0.098, 0.0588935, 0.0636634)

[sub_resource type="StandardMaterial3D" id="StandardMaterial3D_2keqp"]

[sub_resource type="ArrayMesh" id="ArrayMesh_rde5a"]
resource_name = "proto_thrall_Cube_001"
_surfaces = [{
"aabb": AABB(-0.763648, 0.000122402, -0.132664, 1.5273, 1.98375, 0.319402),
"attribute_data": PackedByteArray(189, 47, 92, 62, 115, 199, 127, 63, 45, 226, 2, 63, 98, 21, 231, 62, 173, 67, 35, 63, 0, 177, 247, 62, 66, 247, 215, 62, 220, 238, 53, 63, 59, 191, 56, 63, 12, 107, 63, 63, 76, 135, 241, 62, 242, 72, 91, 63, 140, 6, 245, 62, 120, 43, 124, 63, 112, 36, 59, 63, 238, 112, 101, 63, 64, 144, 45, 60, 244, 111, 28, 62, 141, 103, 2, 63, 84, 224, 70, 63, 40, 170, 100, 61, 240, 96, 101, 61, 86, 16, 190, 61, 86, 151, 182, 62, 139, 87, 37, 63, 106, 9, 72, 63, 188, 91, 57, 63, 24, 190, 243, 62, 188, 209, 22, 62, 66, 0, 128, 63, 214, 135, 227, 62, 170, 47, 233, 62, 157, 253, 215, 62, 208, 132, 82, 63, 112, 247, 58, 63, 56, 197, 89, 63, 243, 229, 22, 63, 20, 73, 25, 63, 90, 222, 0, 63, 6, 135, 37, 63, 86, 221, 52, 63, 60, 203, 21, 63, 16, 206, 105, 62, 172, 240, 248, 62, 182, 179, 40, 62, 254, 195, 246, 62, 152, 140, 57, 62, 156, 143, 179, 62, 132, 7, 134, 61, 164, 209, 253, 62, 64, 210, 117, 62, 88, 176, 246, 62, 206, 50, 118, 62, 114, 114, 247, 62, 202, 82, 122, 62, 84, 73, 198, 62, 110, 224, 4, 62, 168, 228, 247, 62, 204, 215, 63, 62, 184, 115, 194, 62, 207, 159, 137, 62, 29, 155, 123, 63, 15, 173, 17, 63, 172, 31, 224, 62, 64, 106, 143, 61, 104, 13, 235, 61, 234, 211, 21, 63, 74, 129, 69, 63, 212, 26, 240, 62, 78, 54, 106, 63, 48, 111, 64, 61, 144, 103, 120, 63, 48, 111, 64, 61, 144, 103, 120, 63, 112, 36, 59, 63, 188, 110, 199, 62, 112, 36, 59, 63, 188, 110, 199, 62, 161, 217, 73, 62, 214, 88, 251, 62, 180, 44, 202, 61, 114, 25, 254, 62, 248, 124, 94, 62, 16, 106, 193, 62, 182, 30, 171, 62, 188, 247, 115, 63, 252, 51, 33, 63, 192, 213, 218, 62, 96, 167, 10, 60, 176, 49, 120, 63, 149, 14, 206, 62, 20, 115, 111, 63, 132, 234, 51, 63, 60, 0, 218, 62, 0, 12, 41, 59, 84, 169, 81, 62, 32, 163, 0, 63, 136, 146, 84, 63, 64, 235, 242, 60, 216, 106, 129, 62, 172, 113, 6, 63, 230, 133, 97, 63, 120, 183, 242, 60, 164, 64, 162, 62, 205, 7, 10, 63, 198, 96, 113, 63, 210, 25, 43, 63, 16, 140, 90, 63, 63, 18, 139, 62, 147, 30, 61, 63, 118, 54, 59, 62, 229, 245, 56, 63, 14, 224, 15, 62, 15, 223, 57, 63, 128, 35, 217, 61, 37, 157, 64, 63, 68, 24, 102, 62, 224, 73, 64, 63, 72, 90, 77, 61, 98, 188, 63, 63, 218, 131, 158, 62, 159, 118, 58, 63, 192, 187, 65, 62, 63, 243, 70, 63, 240, 214, 17, 62, 61, 103, 71, 63, 68, 45, 216, 62, 32, 205, 93, 63, 104, 52, 235, 61, 55, 225, 123, 63, 175, 155, 216, 62, 108, 56, 219, 62, 92, 42, 224, 62, 68, 245, 111, 63, 237, 83, 1, 63, 80, 30, 121, 62, 96, 213, 43, 61, 112, 155, 86, 62, 216, 136, 142, 61, 142, 214, 145, 62, 232, 11, 238, 61, 64, 77, 144, 62, 232, 86, 182, 61, 236, 244, 62, 62, 88, 108, 248, 61, 52, 142, 107, 62, 224, 163, 140, 61, 60, 59, 124, 62, 88, 155, 169, 61, 32, 40, 32, 62, 220, 91, 99, 62, 232, 198, 245, 61, 168, 174, 118, 62, 246, 223, 136, 62, 28, 254, 192, 62, 66, 219, 1, 63, 28, 254, 192, 62, 238, 139, 21, 63, 38, 65, 199, 62, 168, 207, 11, 62, 120, 190, 204, 62, 24, 37, 88, 62, 31, 211, 188, 62, 72, 74, 17, 63, 204, 35, 200, 62, 196, 177, 28, 62, 180, 29, 188, 62, 114, 16, 5, 63, 224, 25, 205, 62, 92, 2, 72, 62, 108, 250, 186, 62, 46, 28, 13, 63, 128, 61, 203, 62, 116, 52, 41, 62, 0, 194, 106, 62, 176, 18, 121, 62, 108, 112, 187, 62, 184, 167, 8, 63, 112, 100, 204, 62, 116, 158, 57, 62, 100, 238, 104, 62, 248, 40, 33, 62, 80, 220, 106, 62, 196, 166, 90, 62, 172, 101, 117, 62, 248, 160, 254, 61, 106, 146, 132, 62, 252, 248, 133, 62, 248, 111, 109, 62, 16, 223, 57, 62, 48, 244, 126, 62, 216, 74, 86, 62, 74, 106, 131, 62, 216, 116, 112, 62, 204, 237, 0, 63, 192, 113, 7, 63, 1, 89, 216, 62, 8, 37, 8, 63, 240, 174, 214, 61, 120, 1, 168, 61, 36, 87, 6, 62, 212, 211, 160, 62, 174, 55, 207, 62, 20, 162, 101, 63, 6, 12, 25, 63, 148, 109, 152, 62, 158, 158, 91, 62, 186, 173, 229, 62, 48, 232, 251, 61, 68, 244, 221, 62, 108, 151, 104, 62, 36, 113, 220, 62, 232, 225, 234, 61, 100, 52, 207, 62, 194, 8, 73, 62, 208, 218, 231, 62, 210, 161, 83, 62, 112, 235, 212, 62, 252, 64, 208, 61, 200, 150, 212, 62, 180, 194, 234, 61, 90, 155, 200, 62, 0, 131, 225, 61, 212, 39, 188, 62, 228, 123, 233, 61, 248, 247, 224, 62, 155, 206, 216, 62, 32, 151, 232, 62, 54, 59, 170, 62, 236, 154, 23, 63, 223, 236, 177, 62, 26, 253, 244, 62, 251, 211, 169, 62, 241, 99, 18, 63, 32, 205, 163, 62, 214, 6, 4, 63, 217, 135, 164, 62, 170, 130, 12, 63, 13, 109, 163, 62, 210, 104, 9, 63, 140, 15, 157, 62, 209, 158, 16, 63, 103, 222, 149, 62, 54, 15, 22, 63, 144, 24, 150, 62, 86, 73, 10, 63, 45, 186, 157, 62, 172, 4, 249, 62, 197, 115, 219, 62, 176, 12, 28, 61, 115, 214, 0, 63, 0, 53, 84, 61, 146, 212, 38, 63, 128, 175, 6, 61, 31, 110, 222, 62, 144, 27, 98, 62, 246, 63, 224, 62, 152, 41, 127, 63, 4, 202, 255, 62, 200, 199, 74, 62, 166, 213, 40, 63, 200, 81, 139, 62, 34, 223, 251, 62, 120, 178, 221, 61, 34, 244, 43, 63, 248, 25, 221, 61, 105, 114, 210, 62, 64, 110, 179, 61, 156, 37, 20, 63, 56, 43, 102, 62, 149, 221, 19, 63, 232, 98, 172, 61, 36, 187, 3, 63, 128, 57, 36, 60, 172, 140, 43, 63, 244, 127, 131, 62, 189, 47, 92, 62, 115, 199, 127, 63, 45, 226, 2, 63, 98, 21, 231, 62, 173, 67, 35, 63, 0, 177, 247, 62, 76, 135, 241, 62, 242, 72, 91, 63, 64, 144, 45, 60, 244, 111, 28, 62, 141, 103, 2, 63, 84, 224, 70, 63, 40, 170, 100, 61, 240, 96, 101, 61, 86, 16, 190, 61, 86, 151, 182, 62, 139, 87, 37, 63, 106, 9, 72, 63, 188, 209, 22, 62, 66, 0, 128, 63, 214, 135, 227, 62, 170, 47, 233, 62, 243, 229, 22, 63, 20, 73, 25, 63, 90, 222, 0, 63, 6, 135, 37, 63, 16, 206, 105, 62, 172, 240, 248, 62, 182, 179, 40, 62, 254, 195, 246, 62, 152, 140, 57, 62, 156, 143, 179, 62, 132, 7, 134, 61, 164, 209, 253, 62, 64, 210, 117, 62, 88, 176, 246, 62, 206, 50, 118, 62, 114, 114, 247, 62, 202, 82, 122, 62, 84, 73, 198, 62, 110, 224, 4, 62, 168, 228, 247, 62, 204, 215, 63, 62, 184, 115, 194, 62, 207, 159, 137, 62, 29, 155, 123, 63, 15, 173, 17, 63, 172, 31, 224, 62, 64, 106, 143, 61, 104, 13, 235, 61, 234, 211, 21, 63, 74, 129, 69, 63, 212, 26, 240, 62, 78, 54, 106, 63, 161, 217, 73, 62, 214, 88, 251, 62, 180, 44, 202, 61, 114, 25, 254, 62, 248, 124, 94, 62, 16, 106, 193, 62, 182, 30, 171, 62, 188, 247, 115, 63, 252, 51, 33, 63, 192, 213, 218, 62, 96, 167, 10, 60, 176, 49, 120, 63, 149, 14, 206, 62, 20, 115, 111, 63, 132, 234, 51, 63, 60, 0, 218, 62, 0, 12, 41, 59, 84, 169, 81, 62, 32, 163, 0, 63, 136, 146, 84, 63, 64, 235, 242, 60, 216, 106, 129, 62, 172, 113, 6, 63, 230, 133, 97, 63, 120, 183, 242, 60, 164, 64, 162, 62, 205, 7, 10, 63, 198, 96, 113, 63, 210, 25, 43, 63, 16, 140, 90, 63, 63, 18, 139, 62, 147, 30, 61, 63, 118, 54, 59, 62, 229, 245, 56, 63, 14, 224, 15, 62, 15, 223, 57, 63, 128, 35, 217, 61, 37, 157, 64, 63, 68, 24, 102, 62, 224, 73, 64, 63, 72, 90, 77, 61, 98, 188, 63, 63, 218, 131, 158, 62, 159, 118, 58, 63, 192, 187, 65, 62, 63, 243, 70, 63, 240, 214, 17, 62, 61, 103, 71, 63, 92, 42, 224, 62, 68, 245, 111, 63, 237, 83, 1, 63, 80, 30, 121, 62, 96, 213, 43, 61, 112, 155, 86, 62, 216, 136, 142, 61, 142, 214, 145, 62, 232, 11, 238, 61, 64, 77, 144, 62, 232, 86, 182, 61, 236, 244, 62, 62, 88, 108, 248, 61, 52, 142, 107, 62, 224, 163, 140, 61, 60, 59, 124, 62, 88, 155, 169, 61, 32, 40, 32, 62, 220, 91, 99, 62, 232, 198, 245, 61, 168, 174, 118, 62, 246, 223, 136, 62, 28, 254, 192, 62, 66, 219, 1, 63, 28, 254, 192, 62, 238, 139, 21, 63, 38, 65, 199, 62, 168, 207, 11, 62, 120, 190, 204, 62, 24, 37, 88, 62, 31, 211, 188, 62, 72, 74, 17, 63, 204, 35, 200, 62, 196, 177, 28, 62, 180, 29, 188, 62, 114, 16, 5, 63, 224, 25, 205, 62, 92, 2, 72, 62, 108, 250, 186, 62, 46, 28, 13, 63, 128, 61, 203, 62, 116, 52, 41, 62, 0, 194, 106, 62, 176, 18, 121, 62, 108, 112, 187, 62, 184, 167, 8, 63, 112, 100, 204, 62, 116, 158, 57, 62, 100, 238, 104, 62, 248, 40, 33, 62, 80, 220, 106, 62, 196, 166, 90, 62, 172, 101, 117, 62, 248, 160, 254, 61, 106, 146, 132, 62, 252, 248, 133, 62, 248, 111, 109, 62, 16, 223, 57, 62, 48, 244, 126, 62, 216, 74, 86, 62, 74, 106, 131, 62, 216, 116, 112, 62, 204, 237, 0, 63, 192, 113, 7, 63, 240, 174, 214, 61, 120, 1, 168, 61, 36, 87, 6, 62, 212, 211, 160, 62, 158, 158, 91, 62, 186, 173, 229, 62, 48, 232, 251, 61, 68, 244, 221, 62, 108, 151, 104, 62, 36, 113, 220, 62, 232, 225, 234, 61, 100, 52, 207, 62, 194, 8, 73, 62, 208, 218, 231, 62, 210, 161, 83, 62, 112, 235, 212, 62, 252, 64, 208, 61, 200, 150, 212, 62, 180, 194, 234, 61, 90, 155, 200, 62, 0, 131, 225, 61, 212, 39, 188, 62, 228, 123, 233, 61, 248, 247, 224, 62, 54, 59, 170, 62, 236, 154, 23, 63, 223, 236, 177, 62, 26, 253, 244, 62, 251, 211, 169, 62, 241, 99, 18, 63, 32, 205, 163, 62, 214, 6, 4, 63, 217, 135, 164, 62, 170, 130, 12, 63, 13, 109, 163, 62, 210, 104, 9, 63, 140, 15, 157, 62, 209, 158, 16, 63, 103, 222, 149, 62, 54, 15, 22, 63, 144, 24, 150, 62, 86, 73, 10, 63, 45, 186, 157, 62, 172, 4, 249, 62, 115, 214, 0, 63, 0, 53, 84, 61, 4, 202, 255, 62, 200, 199, 74, 62, 34, 223, 251, 62, 120, 178, 221, 61, 156, 37, 20, 63, 56, 43, 102, 62, 149, 221, 19, 63, 232, 98, 172, 61, 140, 6, 245, 62, 120, 43, 124, 63, 140, 6, 245, 62, 120, 43, 124, 63, 139, 87, 37, 63, 106, 9, 72, 63, 139, 87, 37, 63, 106, 9, 72, 63, 188, 91, 57, 63, 24, 190, 243, 62, 188, 91, 57, 63, 24, 190, 243, 62, 188, 91, 57, 63, 24, 190, 243, 62, 188, 91, 57, 63, 24, 190, 243, 62, 188, 91, 57, 63, 24, 190, 243, 62, 188, 209, 22, 62, 66, 0, 128, 63, 188, 209, 22, 62, 66, 0, 128, 63, 188, 209, 22, 62, 66, 0, 128, 63, 214, 135, 227, 62, 170, 47, 233, 62, 214, 135, 227, 62, 170, 47, 233, 62, 214, 135, 227, 62, 170, 47, 233, 62, 214, 135, 227, 62, 170, 47, 233, 62, 16, 206, 105, 62, 172, 240, 248, 62, 16, 206, 105, 62, 172, 240, 248, 62, 16, 206, 105, 62, 172, 240, 248, 62, 182, 179, 40, 62, 254, 195, 246, 62, 182, 179, 40, 62, 254, 195, 246, 62, 182, 179, 40, 62, 254, 195, 246, 62, 152, 140, 57, 62, 156, 143, 179, 62, 132, 7, 134, 61, 164, 209, 253, 62, 64, 210, 117, 62, 88, 176, 246, 62, 202, 82, 122, 62, 84, 73, 198, 62, 110, 224, 4, 62, 168, 228, 247, 62, 110, 224, 4, 62, 168, 228, 247, 62, 110, 224, 4, 62, 168, 228, 247, 62, 204, 215, 63, 62, 184, 115, 194, 62, 204, 215, 63, 62, 184, 115, 194, 62, 204, 215, 63, 62, 184, 115, 194, 62, 48, 111, 64, 61, 144, 103, 120, 63, 48, 111, 64, 61, 144, 103, 120, 63, 48, 111, 64, 61, 144, 103, 120, 63, 112, 36, 59, 63, 188, 110, 199, 62, 112, 36, 59, 63, 188, 110, 199, 62, 96, 167, 10, 60, 176, 49, 120, 63, 149, 14, 206, 62, 20, 115, 111, 63, 132, 234, 51, 63, 60, 0, 218, 62, 132, 234, 51, 63, 60, 0, 218, 62, 64, 235, 242, 60, 216, 106, 129, 62, 172, 113, 6, 63, 230, 133, 97, 63, 172, 113, 6, 63, 230, 133, 97, 63, 172, 113, 6, 63, 230, 133, 97, 63, 172, 113, 6, 63, 230, 133, 97, 63, 172, 113, 6, 63, 230, 133, 97, 63, 172, 113, 6, 63, 230, 133, 97, 63, 120, 183, 242, 60, 164, 64, 162, 62, 205, 7, 10, 63, 198, 96, 113, 63, 72, 90, 77, 61, 98, 188, 63, 63, 104, 52, 235, 61, 55, 225, 123, 63, 104, 52, 235, 61, 55, 225, 123, 63, 104, 52, 235, 61, 55, 225, 123, 63, 104, 52, 235, 61, 55, 225, 123, 63, 175, 155, 216, 62, 108, 56, 219, 62, 128, 61, 203, 62, 116, 52, 41, 62, 172, 101, 117, 62, 248, 160, 254, 61, 106, 146, 132, 62, 252, 248, 133, 62, 174, 55, 207, 62, 20, 162, 101, 63, 108, 151, 104, 62, 36, 113, 220, 62, 108, 151, 104, 62, 36, 113, 220, 62, 108, 151, 104, 62, 36, 113, 220, 62, 232, 225, 234, 61, 100, 52, 207, 62, 232, 225, 234, 61, 100, 52, 207, 62, 54, 59, 170, 62, 236, 154, 23, 63, 140, 15, 157, 62, 209, 158, 16, 63, 140, 15, 157, 62, 209, 158, 16, 63, 103, 222, 149, 62, 54, 15, 22, 63, 64, 144, 45, 60, 244, 111, 28, 62, 141, 103, 2, 63, 84, 224, 70, 63, 141, 103, 2, 63, 84, 224, 70, 63, 141, 103, 2, 63, 84, 224, 70, 63, 141, 103, 2, 63, 84, 224, 70, 63, 40, 170, 100, 61, 240, 96, 101, 61, 139, 87, 37, 63, 106, 9, 72, 63, 16, 206, 105, 62, 172, 240, 248, 62, 16, 206, 105, 62, 172, 240, 248, 62, 16, 206, 105, 62, 172, 240, 248, 62, 16, 206, 105, 62, 172, 240, 248, 62, 182, 179, 40, 62, 254, 195, 246, 62, 182, 179, 40, 62, 254, 195, 246, 62, 182, 179, 40, 62, 254, 195, 246, 62, 152, 140, 57, 62, 156, 143, 179, 62, 132, 7, 134, 61, 164, 209, 253, 62, 64, 210, 117, 62, 88, 176, 246, 62, 202, 82, 122, 62, 84, 73, 198, 62, 110, 224, 4, 62, 168, 228, 247, 62, 110, 224, 4, 62, 168, 228, 247, 62, 204, 215, 63, 62, 184, 115, 194, 62, 204, 215, 63, 62, 184, 115, 194, 62, 204, 215, 63, 62, 184, 115, 194, 62, 182, 30, 171, 62, 188, 247, 115, 63, 182, 30, 171, 62, 188, 247, 115, 63, 252, 51, 33, 63, 192, 213, 218, 62, 252, 51, 33, 63, 192, 213, 218, 62, 252, 51, 33, 63, 192, 213, 218, 62, 96, 167, 10, 60, 176, 49, 120, 63, 149, 14, 206, 62, 20, 115, 111, 63, 132, 234, 51, 63, 60, 0, 218, 62, 120, 183, 242, 60, 164, 64, 162, 62, 120, 183, 242, 60, 164, 64, 162, 62, 205, 7, 10, 63, 198, 96, 113, 63, 205, 7, 10, 63, 198, 96, 113, 63, 210, 25, 43, 63, 16, 140, 90, 63, 72, 90, 77, 61, 98, 188, 63, 63, 218, 131, 158, 62, 159, 118, 58, 63, 172, 101, 117, 62, 248, 160, 254, 61, 172, 101, 117, 62, 248, 160, 254, 61, 106, 146, 132, 62, 252, 248, 133, 62, 108, 151, 104, 62, 36, 113, 220, 62, 108, 151, 104, 62, 36, 113, 220, 62, 108, 151, 104, 62, 36, 113, 220, 62, 232, 225, 234, 61, 100, 52, 207, 62, 232, 225, 234, 61, 100, 52, 207, 62, 54, 59, 170, 62, 236, 154, 23, 63, 140, 15, 157, 62, 209, 158, 16, 63, 140, 15, 157, 62, 209, 158, 16, 63, 103, 222, 149, 62, 54, 15, 22, 63, 45, 186, 157, 62, 172, 4, 249, 62, 140, 6, 245, 62, 120, 43, 124, 63, 140, 6, 245, 62, 120, 43, 124, 63, 140, 6, 245, 62, 120, 43, 124, 63, 140, 6, 245, 62, 120, 43, 124, 63, 140, 6, 245, 62, 120, 43, 124, 63, 140, 6, 245, 62, 120, 43, 124, 63, 64, 144, 45, 60, 244, 111, 28, 62, 141, 103, 2, 63, 84, 224, 70, 63, 141, 103, 2, 63, 84, 224, 70, 63, 40, 170, 100, 61, 240, 96, 101, 61, 86, 16, 190, 61, 86, 151, 182, 62, 139, 87, 37, 63, 106, 9, 72, 63, 188, 91, 57, 63, 24, 190, 243, 62, 188, 91, 57, 63, 24, 190, 243, 62, 188, 209, 22, 62, 66, 0, 128, 63, 214, 135, 227, 62, 170, 47, 233, 62, 16, 206, 105, 62, 172, 240, 248, 62, 16, 206, 105, 62, 172, 240, 248, 62, 16, 206, 105, 62, 172, 240, 248, 62, 182, 179, 40, 62, 254, 195, 246, 62, 182, 179, 40, 62, 254, 195, 246, 62, 182, 179, 40, 62, 254, 195, 246, 62, 152, 140, 57, 62, 156, 143, 179, 62, 132, 7, 134, 61, 164, 209, 253, 62, 64, 210, 117, 62, 88, 176, 246, 62, 206, 50, 118, 62, 114, 114, 247, 62, 202, 82, 122, 62, 84, 73, 198, 62, 110, 224, 4, 62, 168, 228, 247, 62, 110, 224, 4, 62, 168, 228, 247, 62, 204, 215, 63, 62, 184, 115, 194, 62, 204, 215, 63, 62, 184, 115, 194, 62, 204, 215, 63, 62, 184, 115, 194, 62, 207, 159, 137, 62, 29, 155, 123, 63, 207, 159, 137, 62, 29, 155, 123, 63, 15, 173, 17, 63, 172, 31, 224, 62, 15, 173, 17, 63, 172, 31, 224, 62, 15, 173, 17, 63, 172, 31, 224, 62, 64, 106, 143, 61, 104, 13, 235, 61, 64, 106, 143, 61, 104, 13, 235, 61, 64, 106, 143, 61, 104, 13, 235, 61, 234, 211, 21, 63, 74, 129, 69, 63, 234, 211, 21, 63, 74, 129, 69, 63, 212, 26, 240, 62, 78, 54, 106, 63, 212, 26, 240, 62, 78, 54, 106, 63, 212, 26, 240, 62, 78, 54, 106, 63, 212, 26, 240, 62, 78, 54, 106, 63, 212, 26, 240, 62, 78, 54, 106, 63, 48, 111, 64, 61, 144, 103, 120, 63, 48, 111, 64, 61, 144, 103, 120, 63, 112, 36, 59, 63, 188, 110, 199, 62, 112, 36, 59, 63, 188, 110, 199, 62, 96, 167, 10, 60, 176, 49, 120, 63, 149, 14, 206, 62, 20, 115, 111, 63, 132, 234, 51, 63, 60, 0, 218, 62, 132, 234, 51, 63, 60, 0, 218, 62, 64, 235, 242, 60, 216, 106, 129, 62, 64, 235, 242, 60, 216, 106, 129, 62, 172, 113, 6, 63, 230, 133, 97, 63, 120, 183, 242, 60, 164, 64, 162, 62, 205, 7, 10, 63, 198, 96, 113, 63, 72, 90, 77, 61, 98, 188, 63, 63, 218, 131, 158, 62, 159, 118, 58, 63, 218, 131, 158, 62, 159, 118, 58, 63, 192, 187, 65, 62, 63, 243, 70, 63, 192, 187, 65, 62, 63, 243, 70, 63, 240, 214, 17, 62, 61, 103, 71, 63, 240, 214, 17, 62, 61, 103, 71, 63, 240, 214, 17, 62, 61, 103, 71, 63, 240, 214, 17, 62, 61, 103, 71, 63, 68, 45, 216, 62, 32, 205, 93, 63, 68, 45, 216, 62, 32, 205, 93, 63, 68, 45, 216, 62, 32, 205, 93, 63, 68, 45, 216, 62, 32, 205, 93, 63, 68, 45, 216, 62, 32, 205, 93, 63, 104, 52, 235, 61, 55, 225, 123, 63, 104, 52, 235, 61, 55, 225, 123, 63, 92, 42, 224, 62, 68, 245, 111, 63, 92, 42, 224, 62, 68, 245, 111, 63, 92, 42, 224, 62, 68, 245, 111, 63, 237, 83, 1, 63, 80, 30, 121, 62, 237, 83, 1, 63, 80, 30, 121, 62, 237, 83, 1, 63, 80, 30, 121, 62, 237, 83, 1, 63, 80, 30, 121, 62, 232, 11, 238, 61, 64, 77, 144, 62, 232, 11, 238, 61, 64, 77, 144, 62, 232, 86, 182, 61, 236, 244, 62, 62, 232, 86, 182, 61, 236, 244, 62, 62, 120, 190, 204, 62, 24, 37, 88, 62, 204, 35, 200, 62, 196, 177, 28, 62, 224, 25, 205, 62, 92, 2, 72, 62, 128, 61, 203, 62, 116, 52, 41, 62, 108, 112, 187, 62, 184, 167, 8, 63, 108, 112, 187, 62, 184, 167, 8, 63, 112, 100, 204, 62, 116, 158, 57, 62, 100, 238, 104, 62, 248, 40, 33, 62, 100, 238, 104, 62, 248, 40, 33, 62, 100, 238, 104, 62, 248, 40, 33, 62, 80, 220, 106, 62, 196, 166, 90, 62, 80, 220, 106, 62, 196, 166, 90, 62, 80, 220, 106, 62, 196, 166, 90, 62, 172, 101, 117, 62, 248, 160, 254, 61, 172, 101, 117, 62, 248, 160, 254, 61, 106, 146, 132, 62, 252, 248, 133, 62, 74, 106, 131, 62, 216, 116, 112, 62, 74, 106, 131, 62, 216, 116, 112, 62, 240, 174, 214, 61, 120, 1, 168, 61, 36, 87, 6, 62, 212, 211, 160, 62, 174, 55, 207, 62, 20, 162, 101, 63, 174, 55, 207, 62, 20, 162, 101, 63, 174, 55, 207, 62, 20, 162, 101, 63, 174, 55, 207, 62, 20, 162, 101, 63, 6, 12, 25, 63, 148, 109, 152, 62, 6, 12, 25, 63, 148, 109, 152, 62, 48, 232, 251, 61, 68, 244, 221, 62, 48, 232, 251, 61, 68, 244, 221, 62, 108, 151, 104, 62, 36, 113, 220, 62, 108, 151, 104, 62, 36, 113, 220, 62, 108, 151, 104, 62, 36, 113, 220, 62, 108, 151, 104, 62, 36, 113, 220, 62, 232, 225, 234, 61, 100, 52, 207, 62, 232, 225, 234, 61, 100, 52, 207, 62, 232, 225, 234, 61, 100, 52, 207, 62, 194, 8, 73, 62, 208, 218, 231, 62, 194, 8, 73, 62, 208, 218, 231, 62, 194, 8, 73, 62, 208, 218, 231, 62, 0, 131, 225, 61, 212, 39, 188, 62, 228, 123, 233, 61, 248, 247, 224, 62, 228, 123, 233, 61, 248, 247, 224, 62, 54, 59, 170, 62, 236, 154, 23, 63, 32, 205, 163, 62, 214, 6, 4, 63, 32, 205, 163, 62, 214, 6, 4, 63, 32, 205, 163, 62, 214, 6, 4, 63, 13, 109, 163, 62, 210, 104, 9, 63, 13, 109, 163, 62, 210, 104, 9, 63, 140, 15, 157, 62, 209, 158, 16, 63, 103, 222, 149, 62, 54, 15, 22, 63, 144, 24, 150, 62, 86, 73, 10, 63, 45, 186, 157, 62, 172, 4, 249, 62, 31, 110, 222, 62, 144, 27, 98, 62, 31, 110, 222, 62, 144, 27, 98, 62, 31, 110, 222, 62, 144, 27, 98, 62, 246, 63, 224, 62, 152, 41, 127, 63, 246, 63, 224, 62, 152, 41, 127, 63, 34, 223, 251, 62, 120, 178, 221, 61, 34, 223, 251, 62, 120, 178, 221, 61, 34, 223, 251, 62, 120, 178, 221, 61, 34, 244, 43, 63, 248, 25, 221, 61, 34, 244, 43, 63, 248, 25, 221, 61, 34, 244, 43, 63, 248, 25, 221, 61, 34, 244, 43, 63, 248, 25, 221, 61, 34, 244, 43, 63, 248, 25, 221, 61, 172, 140, 43, 63, 244, 127, 131, 62, 172, 140, 43, 63, 244, 127, 131, 62, 172, 140, 43, 63, 244, 127, 131, 62, 64, 144, 45, 60, 244, 111, 28, 62, 141, 103, 2, 63, 84, 224, 70, 63, 40, 170, 100, 61, 240, 96, 101, 61, 86, 16, 190, 61, 86, 151, 182, 62, 188, 209, 22, 62, 66, 0, 128, 63, 214, 135, 227, 62, 170, 47, 233, 62, 16, 206, 105, 62, 172, 240, 248, 62, 16, 206, 105, 62, 172, 240, 248, 62, 16, 206, 105, 62, 172, 240, 248, 62, 182, 179, 40, 62, 254, 195, 246, 62, 182, 179, 40, 62, 254, 195, 246, 62, 182, 179, 40, 62, 254, 195, 246, 62, 182, 179, 40, 62, 254, 195, 246, 62, 152, 140, 57, 62, 156, 143, 179, 62, 132, 7, 134, 61, 164, 209, 253, 62, 64, 210, 117, 62, 88, 176, 246, 62, 202, 82, 122, 62, 84, 73, 198, 62, 110, 224, 4, 62, 168, 228, 247, 62, 110, 224, 4, 62, 168, 228, 247, 62, 110, 224, 4, 62, 168, 228, 247, 62, 204, 215, 63, 62, 184, 115, 194, 62, 204, 215, 63, 62, 184, 115, 194, 62, 204, 215, 63, 62, 184, 115, 194, 62, 204, 215, 63, 62, 184, 115, 194, 62, 64, 106, 143, 61, 104, 13, 235, 61, 64, 106, 143, 61, 104, 13, 235, 61, 234, 211, 21, 63, 74, 129, 69, 63, 234, 211, 21, 63, 74, 129, 69, 63, 212, 26, 240, 62, 78, 54, 106, 63, 212, 26, 240, 62, 78, 54, 106, 63, 212, 26, 240, 62, 78, 54, 106, 63, 212, 26, 240, 62, 78, 54, 106, 63, 212, 26, 240, 62, 78, 54, 106, 63, 182, 30, 171, 62, 188, 247, 115, 63, 182, 30, 171, 62, 188, 247, 115, 63, 182, 30, 171, 62, 188, 247, 115, 63, 252, 51, 33, 63, 192, 213, 218, 62, 252, 51, 33, 63, 192, 213, 218, 62, 252, 51, 33, 63, 192, 213, 218, 62, 96, 167, 10, 60, 176, 49, 120, 63, 149, 14, 206, 62, 20, 115, 111, 63, 132, 234, 51, 63, 60, 0, 218, 62, 64, 235, 242, 60, 216, 106, 129, 62, 64, 235, 242, 60, 216, 106, 129, 62, 172, 113, 6, 63, 230, 133, 97, 63, 172, 113, 6, 63, 230, 133, 97, 63, 205, 7, 10, 63, 198, 96, 113, 63, 72, 90, 77, 61, 98, 188, 63, 63, 72, 90, 77, 61, 98, 188, 63, 63, 218, 131, 158, 62, 159, 118, 58, 63, 192, 187, 65, 62, 63, 243, 70, 63, 240, 214, 17, 62, 61, 103, 71, 63, 240, 214, 17, 62, 61, 103, 71, 63, 240, 214, 17, 62, 61, 103, 71, 63, 240, 214, 17, 62, 61, 103, 71, 63, 240, 214, 17, 62, 61, 103, 71, 63, 92, 42, 224, 62, 68, 245, 111, 63, 92, 42, 224, 62, 68, 245, 111, 63, 92, 42, 224, 62, 68, 245, 111, 63, 237, 83, 1, 63, 80, 30, 121, 62, 237, 83, 1, 63, 80, 30, 121, 62, 237, 83, 1, 63, 80, 30, 121, 62, 232, 11, 238, 61, 64, 77, 144, 62, 232, 11, 238, 61, 64, 77, 144, 62, 232, 86, 182, 61, 236, 244, 62, 62, 232, 86, 182, 61, 236, 244, 62, 62, 120, 190, 204, 62, 24, 37, 88, 62, 204, 35, 200, 62, 196, 177, 28, 62, 180, 29, 188, 62, 114, 16, 5, 63, 224, 25, 205, 62, 92, 2, 72, 62, 128, 61, 203, 62, 116, 52, 41, 62, 108, 112, 187, 62, 184, 167, 8, 63, 108, 112, 187, 62, 184, 167, 8, 63, 100, 238, 104, 62, 248, 40, 33, 62, 100, 238, 104, 62, 248, 40, 33, 62, 100, 238, 104, 62, 248, 40, 33, 62, 80, 220, 106, 62, 196, 166, 90, 62, 80, 220, 106, 62, 196, 166, 90, 62, 80, 220, 106, 62, 196, 166, 90, 62, 172, 101, 117, 62, 248, 160, 254, 61, 172, 101, 117, 62, 248, 160, 254, 61, 106, 146, 132, 62, 252, 248, 133, 62, 106, 146, 132, 62, 252, 248, 133, 62, 74, 106, 131, 62, 216, 116, 112, 62, 74, 106, 131, 62, 216, 116, 112, 62, 74, 106, 131, 62, 216, 116, 112, 62, 240, 174, 214, 61, 120, 1, 168, 61, 36, 87, 6, 62, 212, 211, 160, 62, 48, 232, 251, 61, 68, 244, 221, 62, 48, 232, 251, 61, 68, 244, 221, 62, 108, 151, 104, 62, 36, 113, 220, 62, 108, 151, 104, 62, 36, 113, 220, 62, 108, 151, 104, 62, 36, 113, 220, 62, 108, 151, 104, 62, 36, 113, 220, 62, 108, 151, 104, 62, 36, 113, 220, 62, 232, 225, 234, 61, 100, 52, 207, 62, 232, 225, 234, 61, 100, 52, 207, 62, 232, 225, 234, 61, 100, 52, 207, 62, 232, 225, 234, 61, 100, 52, 207, 62, 194, 8, 73, 62, 208, 218, 231, 62, 194, 8, 73, 62, 208, 218, 231, 62, 194, 8, 73, 62, 208, 218, 231, 62, 194, 8, 73, 62, 208, 218, 231, 62, 0, 131, 225, 61, 212, 39, 188, 62, 228, 123, 233, 61, 248, 247, 224, 62, 228, 123, 233, 61, 248, 247, 224, 62, 54, 59, 170, 62, 236, 154, 23, 63, 32, 205, 163, 62, 214, 6, 4, 63, 32, 205, 163, 62, 214, 6, 4, 63, 32, 205, 163, 62, 214, 6, 4, 63, 13, 109, 163, 62, 210, 104, 9, 63, 13, 109, 163, 62, 210, 104, 9, 63, 140, 15, 157, 62, 209, 158, 16, 63, 103, 222, 149, 62, 54, 15, 22, 63, 144, 24, 150, 62, 86, 73, 10, 63),
